image: jt_l3_map.pgm
resolution: 0.050000
origin: [-40.987283, -74.144214, 0.000000]
negate: 0
occupied_thresh: 0.65
free_thresh: 0.196

