image: map323.pgm
resolution: 0.050000
origin: [-8.908450, -14.926563, 0.000000]
negate: 0
occupied_thresh: 0.65
free_thresh: 0.196

