image: work3.pgm
resolution: 0.050000
origin: [-21.565604, -26.603455, 0.000000]
negate: 0
occupied_thresh: 0.65
free_thresh: 0.196

