image: work1.pgm
resolution: 0.050000
origin: [-22.015602, -12.752469, 0.000000]
negate: 0
occupied_thresh: 0.65
free_thresh: 0.196

