image: kechuang.pgm
resolution: 0.050000
origin: [-21.360893, -28.220752, 0.000000]
negate: 0
occupied_thresh: 0.65
free_thresh: 0.196

