image: work2.pgm
resolution: 0.050000
origin: [-79.462341, -16.649146, 0.000000]
negate: 0
occupied_thresh: 0.65
free_thresh: 0.196

